***
Every course has a list of offerings
For each tuple (k,v) in list:
		k : # top 10% students 
		v : (R,G,B)
***

Weighted Out Degree
cs221
[(11, (1, 0.0, 0)), (12, (1, 0.3333333333333333, 0)), (13, (1, 0.6666666666666666, 0))]
cs229
[(10, (1, 0.0, 0)), (12, (1, 0.2, 0)), (13, (1, 0.3, 0)), (19, (1, 0.9, 0))]
cs231a
[(9, (1, 0.0, 0)), (10, (1, 0.3333333333333333, 0)), (11, (1, 0.6666666666666666, 0))]
mse252
[(9, (1, 0.0, 0)), (11, (1, 0.6666666666666666, 0))]
music320
[(2, (1, 0.0, 0)), (5, (1, 0.42857142857142855, 0)), (6, (1, 0.5714285714285714, 0)), (8, (1, 0.8571428571428571, 0))]
polsci350
[(6, (1, 0.0, 0))]
biomedin214
[(7, (1, 0.0, 0)), (10, (1, 0.5, 0)), (11, (1, 0.6666666666666666, 0)), (12, (1, 0.8333333333333334, 0))]
womhealth
[(10, (1, 0.0, 0))]

--------------------------------------------------------------------------------------
Pagerank
cs221
[(11, (1, 0.0, 0)), (12, (1, 0.3333333333333333, 0)), (13, (1, 0.6666666666666666, 0))]
cs229
[(10, (1, 0.0, 0)), (12, (1, 0.2, 0)), (13, (1, 0.3, 0)), (19, (1, 0.9, 0))]
cs231a
[(9, (1, 0.0, 0)), (10, (1, 0.3333333333333333, 0)), (11, (1, 0.6666666666666666, 0))]
mse252
[(9, (1, 0.0, 0)), (11, (1, 0.6666666666666666, 0))]
music320
[(2, (1, 0.0, 0)), (5, (1, 0.42857142857142855, 0)), (6, (1, 0.5714285714285714, 0)), (8, (1, 0.8571428571428571, 0))]
polsci350
[(6, (1, 0.0, 0))]
biomedin214
[(7, (1, 0.0, 0)), (10, (1, 0.5, 0)), (11, (1, 0.6666666666666666, 0)), (12, (1, 0.8333333333333334, 0))]
womhealth
[(10, (1, 0.0, 0))]